Path: (1,1) (1,2) (2,3) (3,3) (4,4) (5,4) (4,5) (4,6) (5,7) (6,8) (6,7) (7,8) (8,9) (7,10) (8,9) (7,9) (8,9) (9,8) (10,7) (10,6) (9,7) (10,7) (11,8) (12,9) (13,8) (14,9) (15,10) (16,11) (16,12) (17,12) (18,12) (19,12) 
E 1 0 0 0 1 0 1 0 0 0 1 0 0 1 1 0 0 1 0 
0 $ $ 0 1 1 0 0 1 1 0 0 0 0 0 0 0 0 0 0 
1 0 1 $ 0 0 0 0 0 0 0 0 1 0 1 1 0 1 0 1 
0 1 1 $ 1 1 0 1 0 0 1 1 1 1 1 0 0 0 1 1 
0 1 1 0 $ $ $ 0 1 1 1 1 0 0 0 0 1 1 1 0 
1 0 1 0 $ 0 1 $ 1 0 0 0 0 0 1 1 0 1 0 1 
0 0 1 0 0 0 1 $ $ 0 0 1 1 0 0 1 1 1 0 0 
1 1 0 0 1 1 1 1 $ $ $ 1 0 0 0 1 1 0 0 0 
0 1 1 1 1 0 1 1 1 $ 0 1 0 0 1 0 0 0 1 0 
0 0 0 1 0 0 1 $ $ 0 1 1 1 0 0 1 0 0 1 0 
1 0 1 0 0 1 $ $ 1 0 0 0 0 1 0 1 1 0 0 1 
0 1 1 0 1 0 0 0 $ 0 0 1 0 1 0 1 0 1 0 1 
1 1 1 0 1 0 1 1 1 $ 1 0 1 0 1 0 0 1 0 0 
1 1 1 0 1 0 0 0 $ 0 0 0 1 1 0 1 0 1 0 1 
1 1 1 1 0 0 1 1 0 $ 1 1 1 1 1 1 0 0 0 1 
1 1 0 1 0 0 1 0 0 0 $ 1 1 1 1 1 1 1 1 1 
0 0 1 0 1 0 0 1 0 0 0 $ $ 0 1 0 0 0 1 0 
1 0 1 1 1 1 1 0 0 0 1 1 $ 1 0 0 0 1 1 1 
1 1 1 0 1 0 1 1 1 1 1 0 $ 0 0 0 1 1 1 0 
1 0 1 1 1 0 0 1 1 1 0 1 S 0 1 1 1 1 0 0 
