Cromossomo: 3-5-4-4-1-7-4-4-5-5-6-7-7-7-2-6-7-2-5-7-5-1-1-1-5-1-7-6-3-7-6-1-1-7-1-7-4-2-6-1-2-4-2-2-1-7-7-4-6-1-4-2-1-2-
Ponto: (0,1):
E $ 1 1 0 0 0 0 0 1 
1 0 0 0 0 1 0 1 0 0 
0 0 0 0 1 1 0 0 1 1 
0 1 1 0 0 1 1 0 0 1 
0 0 0 0 0 1 1 0 1 1 
1 1 1 1 0 1 1 0 1 1 
1 0 1 1 0 1 1 0 0 0 
S 0 0 0 0 1 1 1 1 1 
1 0 1 0 0 0 0 0 1 1 
1 0 1 0 1 0 0 0 0 0 
Ponto: (1,1):
E $ 1 1 0 0 0 0 0 1 
1 $ 0 0 0 1 0 1 0 0 
0 0 0 0 1 1 0 0 1 1 
0 1 1 0 0 1 1 0 0 1 
0 0 0 0 0 1 1 0 1 1 
1 1 1 1 0 1 1 0 1 1 
1 0 1 1 0 1 1 0 0 0 
S 0 0 0 0 1 1 1 1 1 
1 0 1 0 0 0 0 0 1 1 
1 0 1 0 1 0 0 0 0 0 
Ponto: (2,2):
E $ 1 1 0 0 0 0 0 1 
1 $ 0 0 0 1 0 1 0 0 
0 0 $ 0 1 1 0 0 1 1 
0 1 1 0 0 1 1 0 0 1 
0 0 0 0 0 1 1 0 1 1 
1 1 1 1 0 1 1 0 1 1 
1 0 1 1 0 1 1 0 0 0 
S 0 0 0 0 1 1 1 1 1 
1 0 1 0 0 0 0 0 1 1 
1 0 1 0 1 0 0 0 0 0 
Ponto: (3,3):
E $ 1 1 0 0 0 0 0 1 
1 $ 0 0 0 1 0 1 0 0 
0 0 $ 0 1 1 0 0 1 1 
0 1 1 $ 0 1 1 0 0 1 
0 0 0 0 0 1 1 0 1 1 
1 1 1 1 0 1 1 0 1 1 
1 0 1 1 0 1 1 0 0 0 
S 0 0 0 0 1 1 1 1 1 
1 0 1 0 0 0 0 0 1 1 
1 0 1 0 1 0 0 0 0 0 
Ponto: (2,3):
E $ 1 1 0 0 0 0 0 1 
1 $ 0 0 0 1 0 1 0 0 
0 0 $ $ 1 1 0 0 1 1 
0 1 1 $ 0 1 1 0 0 1 
0 0 0 0 0 1 1 0 1 1 
1 1 1 1 0 1 1 0 1 1 
1 0 1 1 0 1 1 0 0 0 
S 0 0 0 0 1 1 1 1 1 
1 0 1 0 0 0 0 0 1 1 
1 0 1 0 1 0 0 0 0 0 
Ponto: (2,2):
E $ 1 1 0 0 0 0 0 1 
1 $ 0 0 0 1 0 1 0 0 
0 0 $ $ 1 1 0 0 1 1 
0 1 1 $ 0 1 1 0 0 1 
0 0 0 0 0 1 1 0 1 1 
1 1 1 1 0 1 1 0 1 1 
1 0 1 1 0 1 1 0 0 0 
S 0 0 0 0 1 1 1 1 1 
1 0 1 0 0 0 0 0 1 1 
1 0 1 0 1 0 0 0 0 0 
Ponto: (3,3):
E $ 1 1 0 0 0 0 0 1 
1 $ 0 0 0 1 0 1 0 0 
0 0 $ $ 1 1 0 0 1 1 
0 1 1 $ 0 1 1 0 0 1 
0 0 0 0 0 1 1 0 1 1 
1 1 1 1 0 1 1 0 1 1 
1 0 1 1 0 1 1 0 0 0 
S 0 0 0 0 1 1 1 1 1 
1 0 1 0 0 0 0 0 1 1 
1 0 1 0 1 0 0 0 0 0 
Ponto: (4,4):
E $ 1 1 0 0 0 0 0 1 
1 $ 0 0 0 1 0 1 0 0 
0 0 $ $ 1 1 0 0 1 1 
0 1 1 $ 0 1 1 0 0 1 
0 0 0 0 $ 1 1 0 1 1 
1 1 1 1 0 1 1 0 1 1 
1 0 1 1 0 1 1 0 0 0 
S 0 0 0 0 1 1 1 1 1 
1 0 1 0 0 0 0 0 1 1 
1 0 1 0 1 0 0 0 0 0 
Ponto: (5,4):
E $ 1 1 0 0 0 0 0 1 
1 $ 0 0 0 1 0 1 0 0 
0 0 $ $ 1 1 0 0 1 1 
0 1 1 $ 0 1 1 0 0 1 
0 0 0 0 $ 1 1 0 1 1 
1 1 1 1 $ 1 1 0 1 1 
1 0 1 1 0 1 1 0 0 0 
S 0 0 0 0 1 1 1 1 1 
1 0 1 0 0 0 0 0 1 1 
1 0 1 0 1 0 0 0 0 0 
Ponto: (6,4):
E $ 1 1 0 0 0 0 0 1 
1 $ 0 0 0 1 0 1 0 0 
0 0 $ $ 1 1 0 0 1 1 
0 1 1 $ 0 1 1 0 0 1 
0 0 0 0 $ 1 1 0 1 1 
1 1 1 1 $ 1 1 0 1 1 
1 0 1 1 $ 1 1 0 0 0 
S 0 0 0 0 1 1 1 1 1 
1 0 1 0 0 0 0 0 1 1 
1 0 1 0 1 0 0 0 0 0 
Ponto: (7,3):
E $ 1 1 0 0 0 0 0 1 
1 $ 0 0 0 1 0 1 0 0 
0 0 $ $ 1 1 0 0 1 1 
0 1 1 $ 0 1 1 0 0 1 
0 0 0 0 $ 1 1 0 1 1 
1 1 1 1 $ 1 1 0 1 1 
1 0 1 1 $ 1 1 0 0 0 
S 0 0 $ 0 1 1 1 1 1 
1 0 1 0 0 0 0 0 1 1 
1 0 1 0 1 0 0 0 0 0 
Ponto: (7,2):
E $ 1 1 0 0 0 0 0 1 
1 $ 0 0 0 1 0 1 0 0 
0 0 $ $ 1 1 0 0 1 1 
0 1 1 $ 0 1 1 0 0 1 
0 0 0 0 $ 1 1 0 1 1 
1 1 1 1 $ 1 1 0 1 1 
1 0 1 1 $ 1 1 0 0 0 
S 0 $ $ 0 1 1 1 1 1 
1 0 1 0 0 0 0 0 1 1 
1 0 1 0 1 0 0 0 0 0 
Ponto: (7,1):
E $ 1 1 0 0 0 0 0 1 
1 $ 0 0 0 1 0 1 0 0 
0 0 $ $ 1 1 0 0 1 1 
0 1 1 $ 0 1 1 0 0 1 
0 0 0 0 $ 1 1 0 1 1 
1 1 1 1 $ 1 1 0 1 1 
1 0 1 1 $ 1 1 0 0 0 
S $ $ $ 0 1 1 1 1 1 
1 0 1 0 0 0 0 0 1 1 
1 0 1 0 1 0 0 0 0 0 
Ponto: (7,0):
E $ 1 1 0 0 0 0 0 1 
1 $ 0 0 0 1 0 1 0 0 
0 0 $ $ 1 1 0 0 1 1 
0 1 1 $ 0 1 1 0 0 1 
0 0 0 0 $ 1 1 0 1 1 
1 1 1 1 $ 1 1 0 1 1 
1 0 1 1 $ 1 1 0 0 0 
$ $ $ $ 0 1 1 1 1 1 
1 0 1 0 0 0 0 0 1 1 
1 0 1 0 1 0 0 0 0 0 
