Path: [0, 0] [1, 1] [2, 2] [3, 2] [4, 2] [5, 2] [6, 2] [7, 2] [8, 1] [9, 1] [10, 1] [11, 1] [12, 2] [13, 3] [14, 2] [15, 1] [16, 1] [17, 1] [18, 2] [19, 3] [19, 4] [19, 5]
E  0  1  1  0  1  1  1  0  0  0  1  0  0  1  0  0  1  1  0  
1  X  1  0  0  1  0  0  1  0  1  0  1  1  0  0  0  0  1  0  
0  1  X  0  1  0  0  0  0  0  0  1  0  0  0  1  0  1  0  1  
1  0  X  1  0  1  0  0  0  0  0  0  1  1  0  1  1  0  0  1  
0  1  X  0  1  1  0  1  1  1  0  1  0  0  1  0  0  1  0  0  
1  0  X  0  0  0  1  0  0  0  0  0  1  0  1  1  1  1  1  0  
0  1  X  1  1  1  1  1  0  0  1  0  1  1  0  1  1  1  1  1  
0  1  X  0  0  1  0  0  0  1  1  0  1  1  1  0  0  1  0  0  
1  X  1  1  1  1  1  0  1  1  1  0  1  0  0  0  0  0  0  0  
1  X  1  0  0  0  1  0  1  0  0  0  0  0  1  0  1  1  1  1  
0  X  0  0  1  0  1  0  0  0  0  0  0  1  0  1  1  0  1  1  
0  X  1  0  1  0  0  0  1  1  0  0  0  1  1  0  0  1  0  1  
0  0  X  1  0  1  0  1  0  1  0  1  0  0  0  1  0  0  0  1  
1  1  1  X  1  1  0  1  1  1  0  1  0  0  0  0  0  1  0  0  
0  1  X  0  1  0  1  0  1  1  1  1  0  1  1  1  0  0  1  1  
0  X  1  1  1  1  1  1  0  1  0  0  0  1  1  0  0  1  0  1  
0  X  1  1  1  0  1  1  0  0  1  1  0  0  1  1  0  1  0  1  
1  X  1  0  1  0  0  0  0  0  0  0  0  0  0  0  0  1  1  1  
1  1  X  1  1  0  0  0  1  0  1  1  0  0  0  0  1  0  0  1  
0  0  1  X  X  S  1  1  0  1  1  0  0  0  0  1  1  1  0  0  
