Cromossomo: 4-4-3-7-3-4-2-1-2-6-2-4-4-7-5-7-7-4-4-4-6-6-2-7-3-4-3-3-4-3-6-4-2-5-6-2-7-6-1-1-1-3-4-1-6-4-6-1-2-5-5-3-3-7-
Ponto: (1,1):
E 0 1 1 0 0 0 0 0 1 
1 $ 0 0 0 1 0 1 0 0 
0 0 0 0 1 1 0 0 1 1 
0 1 1 0 S 1 1 0 0 1 
0 0 0 0 0 1 1 0 1 1 
1 1 1 1 0 1 1 0 1 1 
1 0 1 1 0 1 1 0 0 0 
0 0 0 0 0 1 1 1 1 1 
1 0 1 0 0 0 0 0 1 1 
1 0 1 0 1 0 0 0 0 0 
Ponto: (2,2):
E 0 1 1 0 0 0 0 0 1 
1 $ 0 0 0 1 0 1 0 0 
0 0 $ 0 1 1 0 0 1 1 
0 1 1 0 S 1 1 0 0 1 
0 0 0 0 0 1 1 0 1 1 
1 1 1 1 0 1 1 0 1 1 
1 0 1 1 0 1 1 0 0 0 
0 0 0 0 0 1 1 1 1 1 
1 0 1 0 0 0 0 0 1 1 
1 0 1 0 1 0 0 0 0 0 
Ponto: (2,3):
E 0 1 1 0 0 0 0 0 1 
1 $ 0 0 0 1 0 1 0 0 
0 0 $ $ 1 1 0 0 1 1 
0 1 1 0 S 1 1 0 0 1 
0 0 0 0 0 1 1 0 1 1 
1 1 1 1 0 1 1 0 1 1 
1 0 1 1 0 1 1 0 0 0 
0 0 0 0 0 1 1 1 1 1 
1 0 1 0 0 0 0 0 1 1 
1 0 1 0 1 0 0 0 0 0 
Ponto: (2,2):E 0 1 1 0 0 0 0 0 1 
1 $ 0 0 0 1 0 1 0 0 
0 0 $ $ 1 1 0 0 1 1 
0 1 1 0 S 1 1 0 0 1 
0 0 0 0 0 1 1 0 1 1 
1 1 1 1 0 1 1 0 1 1 
1 0 1 1 0 1 1 0 0 0 
0 0 0 0 0 1 1 1 1 1 
1 0 1 0 0 0 0 0 1 1 
1 0 1 0 1 0 0 0 0 0 
Ponto: (2,3):
E 0 1 1 0 0 0 0 0 1 
1 $ 0 0 0 1 0 1 0 0 
0 0 $ $ 1 1 0 0 1 1 
0 1 1 0 S 1 1 0 0 1 
0 0 0 0 0 1 1 0 1 1 
1 1 1 1 0 1 1 0 1 1 
1 0 1 1 0 1 1 0 0 0 
0 0 0 0 0 1 1 1 1 1 
1 0 1 0 0 0 0 0 1 1 
1 0 1 0 1 0 0 0 0 0 
Ponto: (3,4):
E 0 1 1 0 0 0 0 0 1 
1 $ 0 0 0 1 0 1 0 0 
0 0 $ $ 1 1 0 0 1 1 
0 1 1 0 $ 1 1 0 0 1 
0 0 0 0 0 1 1 0 1 1 
1 1 1 1 0 1 1 0 1 1 
1 0 1 1 0 1 1 0 0 0 
0 0 0 0 0 1 1 1 1 1 
1 0 1 0 0 0 0 0 1 1 
1 0 1 0 1 0 0 0 0 0 
